111111111111111111111111111111
111111111111111111111111111111
111111111111111111111111111111
111111111111111111111111111111
111111111111111111111111111111
111111111111111111111111111111
111111111111111111111111111111
155555111111111111111111111111
111111111111111111111111111111
544445511111111111111111111111
111111111111111111111115555555
555444555111111111111111111111
111111111111111111111155555555
511544445111111111111111111111
111111111111111111111555444445
555555555111151111111111111111
111111111111111111115555555555
555111111111115111111111111111
111111111111111111115445555555
445111111111111111111111111111
111111111111111111115555555555
555111554555551111111111111111
111111111111111111155555555555
555115544444455111111111111111
111111111111111111555555555555
555555555555555111111111111111
111111111111111115444455544444
444455111115555111111111111111
111111111111111115444454444444
444445555555445111111111111111
111111111111111115444455433322
222224455554225111111111111111
111111111111111115444444433222
233333445555225111111111111111
111111111111111115444443322222
311113333115225111111111111111
111111111111111115544443322222
511111333115225111111111111111
111111111111111111155443322222
511111333115225111111111111111
111111111111111111115443322222
311113333115225111111111111111
111111111111111111115443332222
233333333333331111111111111111
111111111111111111115553333322
222223333222331111111111111111
111111111111111555555555333333
333333333323311111111111111111
111111111111115544451155433311
111111111333111111111111111111
111111111111555444445155533311
111111111335111551111111111111
111111111155544444444451133333
333333333115544455551111111111
111111111554444444444451133333
333333333115444444551111111111
111111111554444444444445551111
111111111554444444551111111111
111111111554544444444444451111
111111111544444454551111111111
