'{0, 0, 0, 0, 0, 0, 0, 0, 0, 0, 0, 0, 0, 0, 0, 0, 0, 0, 0, 0, 0, 0, 0, 0, 0, 0, 0, 0, 0, 0},
'{0, 0, 0, 0, 0, 0, 0, 0, 0, 0, 0, 0, 0, 0, 0, 0, 0, 0, 0, 0, 0, 0, 0, 0, 0, 0, 0, 0, 0, 0},
'{0, 9, a, a, a, a, a, a, a, a, a, a, a, 9, 6, 6, 6, 1, 0, 0, 0, 0, 0, 0, 0, 0, 0, 0, 0, 0},
'{0, 0, 0, 0, 0, 0, 0, 0, 0, 0, 0, 0, 0, 5, 6, 6, 6, 5, 0, 0, 0, 0, 0, 0, 0, 0, 0, 0, 0, 0},
'{0, 0, 0, 0, 0, 0, 0, 0, 0, 0, 0, 0, 0, 1, 8, 8, 8, c, 0, 0, 0, 0, 0, 0, 0, 0, 0, 0, 0, 0},
'{0, 0, 0, 0, 0, 0, 0, 0, 0, 0, 0, 0, 0, c, 2, 2, 2, c, 0, 0, 0, 0, 0, 0, 0, 0, 0, 0, 0, 0},
'{0, 0, 0, 0, 0, 0, 0, 0, 0, 0, 0, 0, 0, b, c, c, c, b, 0, 0, 0, 0, 0, 0, 0, 0, 0, 0, 0, 0},
'{0, 0, 0, 0, 0, 0, 0, 0, 0, 0, 1, 1, 1, 1, 1, 1, 1, 1, 1, 1, 1, b, 0, 0, 0, 0, 0, 0, 0, 0},
'{0, 0, 0, 0, 0, 0, c, c, c, c, 5, 6, 6, 6, 6, 6, 6, 6, 6, 6, 6, 1, c, 0, 0, 0, 0, 0, 0, 0},
'{0, 0, 0, 0, 0, b, 1, 5, 5, 5, 6, 6, 6, 6, 6, 6, 6, 6, 6, 6, 6, 6, 5, 6, 0, 0, 0, 0, 0, 0},
'{0, 0, 0, 0, 1, 1, 5, 6, 6, 6, 6, 6, 6, 6, 6, 6, 6, 6, 6, 6, 6, 6, 6, 6, 5, 0, 0, 0, 0, 0},
'{0, 0, 0, 0, 1, 6, 6, 6, 6, 6, 6, 6, 6, 6, 6, 6, 6, 6, 6, 6, 6, 6, 6, 6, 6, 6, 0, 0, 0, 0},
'{0, 0, 0, b, 1, 6, 6, 6, 6, 6, 6, 6, 6, 6, 6, 6, 6, 6, 6, 6, 6, 6, 6, 6, 6, 6, 1, 0, 0, 0},
'{0, 0, 0, 1, 5, 6, 6, 8, 8, 8, 8, 8, 6, 6, 6, 6, 6, 8, 8, 8, 8, 8, 8, 6, 6, 6, 5, c, c, 0},
'{0, 0, 0, 5, 6, 6, 8, 2, 2, 2, 2, 2, 8, 6, 6, 6, 6, a, 2, 2, 2, 2, a, 4, 6, 6, 6, 6, 1, 0},
'{0, 0, 0, 5, 4, a, 2, 2, 2, 2, 2, 2, 2, a, 6, 8, 2, 2, 2, 2, 2, 2, 2, 2, 8, 6, 6, 6, 1, 0},
'{0, 0, 0, 5, 8, 2, 2, 2, 2, 2, 2, 2, 2, 2, 6, a, 2, 2, 2, 2, 2, 2, 2, 2, a, 6, 6, 6, 1, 0},
'{0, 0, 0, 5, 8, 2, 2, 2, 2, 2, 2, 2, 2, 2, 6, 8, 2, 2, 2, 2, 2, 2, 2, 2, a, 6, 6, 6, 1, 0},
'{0, 0, 0, 6, 8, 2, 9, 1, 1, 1, 9, 2, 2, 2, 6, 5, 1, 1, c, 9, 2, 2, 2, 2, a, 6, 6, 6, 1, 0},
'{0, 0, 0, 1, 5, 8, 9, b, b, b, 9, 2, 2, 2, 6, 5, b, b, b, 9, 2, 2, 2, a, 8, 6, 5, 1, b, 0},
'{0, 0, 0, b, 1, 5, 5, b, b, 1, 9, 2, 2, a, 6, 5, 1, 1, 1, 9, 2, 2, a, 6, 6, 6, c, b, b, 0},
'{0, 0, 0, 9, 9, 1, b, b, 1, 6, 6, 4, 4, 6, 6, 6, 6, 6, 6, 6, 6, 4, 5, 1, 1, 1, 9, 9, 1, 0},
'{0, 0, 0, 9, 9, 1, 1, 9, c, 5, 5, 1, 1, 5, 5, 5, 5, 5, 5, 5, 5, 5, c, 9, c, b, 9, 2, c, 0},
'{0, 0, 0, 9, 9, 1, c, 2, 9, b, b, c, c, 1, b, b, 1, 1, 1, b, b, 1, 9, 2, 9, b, 9, 2, c, 0},
'{0, 0, 0, 9, 9, 1, c, 2, 9, b, 9, 2, 2, 9, b, c, 2, 2, 9, c, 1, 9, 2, 2, 9, b, 9, a, 1, 0},
'{0, 0, 0, c, c, b, c, 2, 9, b, 9, 2, 2, 9, b, 9, 2, 2, 2, c, c, 2, 2, 2, 9, b, c, 9, c, 0},
'{0, 0, 0, 0, b, b, c, 9, c, b, 9, 2, 2, 9, b, 9, 2, 2, 2, c, c, 2, 2, 2, c, b, 0, 0, 0, 0},
'{0, 0, 0, 0, 0, 0, c, b, b, b, 9, 2, 2, 9, b, 9, 2, 2, 2, c, c, 2, 9, 1, c, 0, 0, 0, 0, 0},
'{0, 0, 0, 0, 0, 0, 0, 0, b, b, c, c, c, c, b, 1, c, c, c, b, b, c, c, b, 0, 0, 0, 0, 0, 0},
'{0, 0, 0, 0, 0, 0, 0, 0, 0, 0, 0, 0, 0, 0, 0, 0, 0, 0, 0, 0, 0, 0, 0, 0, 0, 0, 0, 0, 0, 0}
