'{0, 0, 0, 0, 0, 0, 0, 0, 0, 0, 0, 0, 0, 0, 0, 0, 0, 0, 0, 0, 0, 0, 0, 0, 0, 0, 0, 0, 0, 0},
'{0, 0, 0, 0, 0, 0, 0, 0, 0, 0, 0, 0, 0, 0, 0, 0, 0, 0, 0, 0, 0, 0, 0, 0, 0, 0, 0, 0, 0, 0},
'{0, 0, 0, 0, 0, 0, 0, 0, 0, 0, 0, 0, 1, 6, 6, 6, 9, 2, 2, 2, 2, 2, 2, 2, 2, 2, 2, 2, 9, c},
'{0, 0, 0, 0, 0, 0, 0, 0, 0, 0, 0, 0, 5, 6, 6, 6, 9, 9, 9, 9, 9, 9, 9, 9, 9, 9, 9, 9, 9, c},
'{0, 0, 0, 0, 0, 0, 0, 0, 0, 0, 0, 0, 5, 4, 4, 6, 1, 0, 0, 0, 0, 0, 0, 0, 0, 0, 0, 0, 0, 0},
'{0, 0, 0, 0, 0, 0, 0, 0, 0, 0, 0, 0, c, 2, 2, a, c, 0, 0, 0, 0, 0, 0, 0, 0, 0, 0, 0, 0, 0},
'{0, 0, 0, 0, 0, 0, 0, 0, 0, 0, 0, 0, 1, 9, 9, 9, b, 0, 0, 0, 0, 0, 0, 0, 0, 0, 0, 0, 0, 0},
'{0, 0, 0, 0, 0, 0, 0, 0, 0, c, c, c, 1, 1, 1, 1, 1, c, c, c, 0, 0, 0, 0, 0, 0, 0, 0, 0, 0},
'{0, 0, 0, 0, 0, 0, 0, 0, 1, 5, 6, 6, 6, 6, 6, 6, 6, 6, 6, 5, 1, 0, 0, 0, 0, 0, 0, 0, 0, 0},
'{0, 0, 0, 0, 0, 0, 5, 5, 5, 6, 6, 6, 6, 6, 6, 6, 6, 6, 6, 6, 5, 5, 5, 0, 0, 0, 0, 0, 0, 0},
'{0, 0, 0, 0, c, 5, 6, 6, 6, 6, 6, 6, 6, 6, 6, 6, 6, 6, 6, 6, 6, 6, 6, 5, c, 0, 0, 0, 0, 0},
'{0, 0, 0, c, 6, 6, 6, 6, 6, 6, 6, 6, 6, 6, 6, 6, 6, 6, 6, 6, 6, 6, 6, 6, 6, c, 0, 0, 0, 0},
'{0, 0, 0, 5, 6, 6, 6, 6, 6, 6, 6, 6, 6, 6, 6, 6, 6, 6, 6, 6, 6, 6, 6, 6, 6, 1, 0, 0, 0, 0},
'{0, 0, 0, 5, 6, 6, 6, 6, 8, 8, 8, 8, 6, 6, 6, 6, 6, 6, 6, 8, 8, 8, 8, 6, 6, 5, 0, 0, 0, 0},
'{0, 1, 6, 6, 6, 6, 4, a, 2, 2, 2, 2, a, 6, 6, 6, 6, 4, a, 2, 2, 2, 2, 8, 6, 6, 5, 1, 0, 0},
'{0, 5, 6, 6, 6, 8, a, 2, 2, 2, 2, 2, 2, a, 8, 6, 8, a, 2, 2, 2, 2, 2, 2, a, 8, 6, 1, 0, 0},
'{0, 1, 6, 6, 6, a, 2, 2, 2, 2, 2, 2, 2, 2, 8, 6, a, 2, 2, 2, 2, 2, 2, 2, 2, 8, 6, 1, 0, 0},
'{0, 1, 6, 6, 6, a, 2, 2, 2, 2, 2, 2, 2, 2, 8, 6, a, 2, 2, 2, 2, 2, 2, 2, 2, 8, 6, 1, 0, 0},
'{0, 5, 6, 6, 6, a, 2, 2, 2, 2, 2, 9, c, c, 6, 6, a, 2, 2, 2, 9, c, c, 9, 2, 8, 6, 1, 0, 0},
'{0, 1, 6, 6, 6, a, 2, 2, 2, 2, 9, b, b, b, 5, 6, a, 2, 2, 9, b, b, b, c, 2, 8, 5, 1, 0, 0},
'{0, b, b, 5, 6, 6, 8, 2, 2, 2, 9, b, b, b, 5, 6, a, 2, 2, 9, b, b, b, 5, 6, 5, b, b, 0, 0},
'{0, c, 9, c, 1, 1, 5, 8, 8, 8, 8, 5, 5, 5, 6, 6, 8, 8, 8, 8, 5, 1, b, 1, 5, c, 9, 1, 0, 0},
'{0, 9, 2, 9, b, b, c, 5, 6, 6, 6, 6, 6, 6, 6, 6, 6, 6, 6, 6, 6, 5, c, b, b, 9, 2, c, 0, 0},
'{0, 9, 2, 9, b, 9, 9, c, b, b, b, b, b, 1, b, b, b, 1, 1, b, b, c, 2, 9, b, 9, 2, c, 0, 0},
'{0, 9, 2, 9, b, 9, 2, 9, c, b, 1, 9, 9, 9, c, b, c, 9, 9, c, b, c, 2, 9, b, 9, 2, c, 0, 0},
'{0, c, 9, c, b, 9, 2, 2, 9, 1, c, 2, 2, 2, 9, b, 9, 2, 2, 9, 1, c, 2, 9, b, c, 9, c, 0, 0},
'{0, 0, c, b, b, 9, 2, 2, 9, 1, c, 2, 2, 2, 9, b, 9, 2, 2, 9, b, c, 2, 9, b, b, 0, 0, 0, 0},
'{0, 0, 0, c, b, c, 9, 2, 9, 1, c, 2, 2, 2, 9, b, 9, 2, 2, 9, 1, b, c, 1, c, 0, 0, 0, 0, 0},
'{0, 0, 0, 0, 7, b, b, 9, 9, b, c, 9, 9, 9, c, b, 9, 9, 9, 9, b, b, b, 7, 0, 0, 0, 0, 0, 0},
'{0, 0, 0, 0, 0, 0, 0, 0, 0, 0, 0, 0, 0, 0, 0, 0, 0, 0, 0, 0, 0, 0, 0, 0, 0, 0, 0, 0, 0, 0}
